# Created by Octave 5.1.0, Wed Mar 11 09:49:19 2020 -04 <srg_lc@asus>
# name: mRef
# type: matrix
# rows: 10
# columns: 10
 NaN -1 -1 1 -1 -1 -1 1 0 1
 -1 NaN 1 -1 0 0 -1 1 0 1
 -1 1 NaN -1 0 1 0 0 1 0
 1 -1 -1 NaN -1 0 0 0 1 -1
 -1 0 0 -1 NaN 0 1 -1 -1 -1
 -1 0 1 0 0 NaN 0 -1 0 0
 -1 -1 0 0 1 0 NaN 0 1 0
 1 1 0 0 -1 -1 0 NaN 1 1
 0 0 1 1 -1 0 1 1 NaN -1
 1 1 0 -1 -1 0 0 1 -1 NaN


